<?xml version="1.0"?>
<opencv_storage>
<calibration_Time>"04/23/14 15:44:02"</calibration_Time>
<nrOfFrames>25</nrOfFrames>
<image_Width>640</image_Width>
<image_Height>480</image_Height>
<board_Width>9</board_Width>
<board_Height>6</board_Height>
<square_Size>50.</square_Size>
<FixAspectRatio>1.</FixAspectRatio>
<!-- flags:  +fix_aspectRatio +fix_principal_point +zero_tangent_dist -->
<flagValue>14</flagValue>
<Camera_Matrix type_id="opencv-matrix">
  <rows>3</rows>
  <cols>3</cols>
  <dt>d</dt>
  <data>
    7.0832050481686019e+002 0. 3.1950000000000000e+002 0.
    7.0832050481686019e+002 2.3950000000000000e+002 0. 0. 1.</data></Camera_Matrix>
<Distortion_Coefficients type_id="opencv-matrix">
  <rows>5</rows>
  <cols>1</cols>
  <dt>d</dt>
  <data>
    1.3963715365123797e-002 -2.7147118539771559e-001 0. 0.
    2.3738666864407998e+000</data></Distortion_Coefficients>
<Avg_Reprojection_Error>4.0697903148846482e-001</Avg_Reprojection_Error>
<Per_View_Reprojection_Errors type_id="opencv-matrix">
  <rows>25</rows>
  <cols>1</cols>
  <dt>f</dt>
  <data>
    3.13210815e-001 4.08725739e-001 3.75751317e-001 4.29508448e-001
    3.83102834e-001 3.32359672e-001 5.58495939e-001 5.63742459e-001
    5.59172273e-001 5.45232773e-001 3.93760979e-001 3.71939182e-001
    3.37327391e-001 3.44824702e-001 3.24888170e-001 3.23920399e-001
    3.01112533e-001 3.57111424e-001 3.56397212e-001 3.32107663e-001
    4.81193930e-001 5.89418948e-001 3.63925248e-001 2.79767811e-001
    2.67067075e-001</data></Per_View_Reprojection_Errors>
<!-- a set of 6-tuples (rotation vector + translation vector) for each view -->
<Extrinsic_Parameters type_id="opencv-matrix">
  <rows>25</rows>
  <cols>6</cols>
  <dt>d</dt>
  <data>
    -9.1539003896832366e-002 -2.6467491894508471e-001
    -1.0470501360944681e-002 -3.9390125131981085e+002
    7.0626854737283949e+001 1.3047756743969537e+003
    -1.3468622325610324e-001 -2.4100289664152183e-001
    -3.8113069228824084e-002 -4.0887304075452329e+002
    4.8715528401769838e+001 1.3031623088136262e+003
    -1.1101818291873573e-001 -2.4250654749114470e-001
    -6.2815239126314898e-002 -4.2027005921196576e+002
    4.3397296306546970e+001 1.2991750775418923e+003
    -1.1010691949481562e-001 -2.6097940822858762e-001
    -1.1232273832639877e-001 -4.4247371161280483e+002
    3.9585149291885003e+001 1.2942670605628325e+003
    -1.5099689268151323e-001 -3.0475850189892312e-001
    -1.4075152777587685e-001 -4.5706823120282536e+002
    2.6971905524969820e+001 1.2871695611517991e+003
    -1.6695358386925388e-001 -3.2102602224121934e-001
    -1.4890244936151512e-001 -4.6493427279959622e+002
    1.6138619186322206e+001 1.2820820896044925e+003
    -1.8032726870188737e-001 -1.9226239383996796e-001
    -1.1652642914161500e-001 -5.0824254393000524e+002
    5.0794548836374158e+000 1.2900980221804834e+003
    1.0695931795538099e-002 -2.6442073745869765e-001
    -7.6572215848953865e-002 -3.4461653292069897e+001
    -1.1698044093914746e+002 1.3816220528471895e+003
    8.4042454486710858e-003 -2.6772438692453815e-001
    -7.6849780224514733e-002 -3.3942437816692618e+001
    -1.1665012950161217e+002 1.3802610092269622e+003
    1.3718511630635397e-002 -2.6686693820416890e-001
    -7.3993232360574687e-002 -3.3998936058093975e+001
    -1.1583112056796494e+002 1.3812434034153059e+003
    -2.5124684099767464e-001 -2.9994973121177104e-001
    -4.4878088892378138e-003 -2.3636091804223381e+002
    -3.7246804095427757e+002 1.3229155147243393e+003
    -2.5226225353544462e-001 -3.0565917597821396e-001
    3.3356224172428596e-002 -2.3749219052392161e+002
    -3.7300588272918549e+002 1.3255264127397179e+003
    -1.9804125984624582e-001 -3.1074417624744533e-001
    7.7440586589500635e-002 -2.3399722308902213e+002
    -3.7199233487617494e+002 1.3316535719466794e+003
    -2.1081439890468501e-001 -3.1760178336464251e-001
    8.2743249309738753e-002 -2.3324002002073249e+002
    -3.7016812545938234e+002 1.3366379195329162e+003
    -2.0175118018100663e-001 -3.1740993013846053e-001
    8.0968052307937424e-002 -2.3269055510149934e+002
    -3.6938103288017692e+002 1.3372019235401490e+003
    -1.8394237796394644e-001 -3.1734051049385914e-001
    7.5085911414679310e-002 -2.3465306379575640e+002
    -3.6569258628363735e+002 1.3335084107363145e+003
    -1.8596322732922038e-001 -3.1706637848339092e-001
    7.3636994138388270e-002 -2.3641211271360541e+002
    -3.6535571474709059e+002 1.3332922566459879e+003
    -1.6485791370132866e-001 -2.9278962753971882e-001
    2.0860311469912206e-002 -2.7683839915039977e+002
    -3.5874360256188083e+002 1.3216820672149936e+003
    -8.1786561276188746e-002 -9.5368579290666000e-002
    4.9271138379008073e-001 -4.2152195273567514e+002
    -3.1857237903351853e+002 1.2837224619994868e+003
    -5.8312107618708149e-002 -9.6373462244793276e-002
    5.0419348479366477e-001 -4.2388992467881258e+002
    -3.1522604066032613e+002 1.2808170168441172e+003
    -7.3483073725203268e-002 -1.4440257977734619e-001
    3.8204463875922173e-001 -4.3435331653512753e+002
    -3.0444386001870606e+002 1.2698747652482575e+003
    -1.3370470887393193e-001 -1.1560427320984332e-001
    4.1157132453015235e-002 -2.9683585126350914e+002
    -2.7006198516903385e+002 1.3177512259518064e+003
    -1.2793979964326288e-001 -8.9236252573909630e-002
    6.5846498481261340e-002 -2.7414435656397785e+002
    -2.8024401948532756e+002 1.3249644308597756e+003
    -8.9292969280149723e-002 -8.5001252617805903e-002
    9.3117999864609904e-002 -2.5325211071516190e+002
    -2.8761815303952136e+002 1.3154859886473519e+003
    -8.1492586687829022e-002 -9.1909545934015000e-002
    5.6392015989096364e-002 -2.5403129540529002e+002
    -2.7517772947820970e+002 1.3217943370162222e+003</data></Extrinsic_Parameters>
