<?xml version="1.0"?>
<opencv_storage>
<calibration_Time>"06/11/14 15:52:05"</calibration_Time>
<nrOfFrames>25</nrOfFrames>
<image_Width>640</image_Width>
<image_Height>480</image_Height>
<board_Width>9</board_Width>
<board_Height>6</board_Height>
<square_Size>50.</square_Size>
<FixAspectRatio>1.</FixAspectRatio>
<!-- flags:  +fix_aspectRatio +fix_principal_point +zero_tangent_dist -->
<flagValue>14</flagValue>
<Camera_Matrix type_id="opencv-matrix">
  <rows>3</rows>
  <cols>3</cols>
  <dt>d</dt>
  <data>
    4.5036732586373205e+002 0. 3.1950000000000000e+002 0.
    4.5036732586373205e+002 2.3950000000000000e+002 0. 0. 1.</data></Camera_Matrix>
<Distortion_Coefficients type_id="opencv-matrix">
  <rows>5</rows>
  <cols>1</cols>
  <dt>d</dt>
  <data>
    6.4936259059203791e-002 -2.7356151298295717e-001 0. 0.
    2.6134164774975549e-001</data></Distortion_Coefficients>
<Avg_Reprojection_Error>1.2766699132031234e+000</Avg_Reprojection_Error>
<Per_View_Reprojection_Errors type_id="opencv-matrix">
  <rows>25</rows>
  <cols>1</cols>
  <dt>f</dt>
  <data>
    3.92628819e-001 4.01506901e-001 6.82892263e-001 2.62412739e+000
    3.19803238e+000 3.14734578e+000 2.96756077e+000 1.06686175e+000
    6.09434962e-001 2.53680795e-001 2.69119203e-001 2.68906742e-001
    2.77869344e-001 2.74358153e-001 2.80233175e-001 2.89200574e-001
    3.14256608e-001 4.74997133e-001 5.28257370e-001 5.87432265e-001
    4.40385282e-001 4.82586771e-001 4.88336265e-001 4.77904171e-001
    5.14038682e-001</data></Per_View_Reprojection_Errors>
<!-- a set of 6-tuples (rotation vector + translation vector) for each view -->
<Extrinsic_Parameters type_id="opencv-matrix">
  <rows>25</rows>
  <cols>6</cols>
  <dt>d</dt>
  <data>
    -1.1891981092742605e-001 1.6043930885213867e-001
    -2.6591364056877933e+000 5.6102790773657762e+002
    4.4368737620764244e+002 1.0734641258638198e+003
    -9.3698924647089732e-002 1.5354975148447744e-001
    -2.6727759130029409e+000 5.6480622412768571e+002
    4.4213751774027099e+002 1.0712587695974328e+003
    3.1993993014447852e-001 -5.6477131523028223e-001
    2.9788363679807182e+000 8.5303400937468234e+002
    1.2447907822712078e+002 1.4547546309323595e+003
    2.8211289382888788e-001 -5.1748429871806911e-001
    2.8743125454444423e+000 7.5246498761808095e+002
    1.3751171561966146e+002 1.5183679798258274e+003
    2.5147627032777242e-001 -5.3691499749066918e-001
    2.8658901043290781e+000 7.3671757042243939e+002
    1.3816222444984206e+002 1.5255805056024626e+003
    2.4137183708585366e-001 -5.8650700486297958e-001
    2.8292825579333107e+000 7.3089895418140782e+002
    1.3333492680846726e+002 1.5306678192025245e+003
    2.1175810150144245e-001 -5.5252947763014659e-001
    2.8432946296543018e+000 7.1898893187643409e+002
    1.3446161055315542e+002 1.5217654503372562e+003
    1.5244947865021041e-001 -4.8187633084306025e-001
    2.9152975517562756e+000 6.3658539232157739e+002
    1.0695048851122547e+002 1.4712092437751039e+003
    -2.2232220950126338e-001 -3.3710816107917740e-001
    2.9705282764038543e+000 2.3427384370147252e+002
    1.3246192876537944e+002 1.3164209753949660e+003
    -2.9211703446854681e-001 -3.9211606504664659e-001
    2.9541726386595935e+000 7.9610633250765105e+001
    1.8374747467770450e+002 1.3720524889600795e+003
    -2.9419679638173835e-001 -3.7335551903076553e-001
    2.9463210015404027e+000 6.2323212030131948e+001
    1.9746724488069572e+002 1.3695971041955579e+003
    -3.0340063242439852e-001 -3.6516883685239698e-001
    2.9345569123562671e+000 6.0013488996152688e+001
    2.0239032197464476e+002 1.3673732840658088e+003
    -3.0034600121070149e-001 -3.7752379703215405e-001
    2.9318159171806757e+000 6.1437917728224711e+001
    2.0483118497520002e+002 1.3660381226028417e+003
    -3.2591308693741167e-001 -3.8620629438037912e-001
    2.9267775324858327e+000 6.8001667636218841e+001
    2.0561385143918943e+002 1.3669167131353449e+003
    -3.0096765262003727e-001 -3.9017442633928856e-001
    2.9344550022647673e+000 9.1696492105287120e+001
    2.1097947066949808e+002 1.3588964359253469e+003
    -3.2080378511093521e-001 -3.4171175677975557e-001
    2.9742041883117873e+000 1.0780710613317225e+002
    2.2061851636754264e+002 1.3088618949483805e+003
    -4.1876645392207595e-001 -3.3791530547888576e-001
    2.9912079436740262e+000 1.4388157332715852e+002
    2.4317399492320661e+002 1.2414883721223910e+003
    -5.1496821822777572e-001 -4.4275866787906665e-001
    2.9841658536557079e+000 1.9658900709067481e+002
    2.4441678109829749e+002 1.2169478084187328e+003
    -5.0873771132620504e-001 -4.6396704354553808e-001
    3.0042909977772849e+000 2.3267650613833322e+002
    2.3816921778656641e+002 1.1959269102162787e+003
    -5.4346185964515281e-001 -4.9212642368636050e-001
    3.0009505741881393e+000 2.4547201818540441e+002
    2.3021221540025576e+002 1.1920571272206091e+003
    -5.2532032596092182e-001 -5.1662127043341399e-001
    3.0128674565769455e+000 2.3292154437883482e+002
    2.1077860169448439e+002 1.2069686200463657e+003
    4.3701889899707291e-001 2.3543327797063332e-001
    -2.7901535542644322e+000 9.1737302831377036e+001
    -1.3538666248032317e+002 1.3584291999152604e+003
    4.1187505476074326e-001 2.3826188570021392e-001
    -2.8117860159711916e+000 7.9685875021911869e+001
    -1.2618754348745330e+002 1.3581774670685872e+003
    4.1870288004046025e-001 2.4912883123847260e-001
    -2.8125067243753068e+000 7.3745663449845978e+001
    -1.1573954030187859e+002 1.3529403340167296e+003
    4.0369376209777619e-001 2.5041360316079631e-001
    -2.8144776200375157e+000 7.1349933672239217e+001
    -1.0805787996867781e+002 1.3465301234681699e+003</data></Extrinsic_Parameters>
