%YAML:1.0
projector_correction: !!opencv-matrix
   rows: 3
   cols: 3
   dt: d
   data: [ -1.0247425186156898e+000, 9.1118138772447680e-003,
       5.0023483061410258e+002, -2.6056814248994344e-002,
       -1.0165333771040819e+000, 2.5449792727483933e+002,
       -4.9160570648143759e-005, -8.5390991268642427e-005, 1. ]
