%YAML:1.0
projector_correction: !!opencv-matrix
   rows: 3
   cols: 3
   dt: d
   data: [ 4.2037601960962627e+000, 1.5278845236604538e-001,
       -6.0945574605003287e+002, 4.8164759840539596e-003,
       4.3403615307283872e+000, -3.9073689112593615e+002,
       -2.7157573679526105e-006, 1.5730364209376387e-004, 1. ]
