%YAML:1.0
projector_correction: !!opencv-matrix
   rows: 3
   cols: 3
   dt: d
   data: [ 1.2919316429613123e-001, 4.6560703531129729e-003,
       -3.5822509927198276e+001, 2.6346654967385232e-003,
       -1.3244989694495798e-001, 2.6991900616844276e+001,
       3.4076631121591495e-005, 1.7279689722134612e-004, 1. ]
