%YAML:1.0
projector_correction: !!opencv-matrix
   rows: 3
   cols: 3
   dt: d
   data: [ 7.5823883813711601e-001, 4.8833086948064985e-002,
       -9.2073052438950967e+001, -1.6257191837114163e-002,
       7.9394959798393450e-001, -6.8435882936182509e+001,
       -2.7685280644294228e-005, 1.7631075084460017e-004, 1. ]
