%YAML:1.0
projector_correction: !!opencv-matrix
   rows: 3
   cols: 3
   dt: d
   data: [ -1.0709052194570727e+000, 4.8178331968023430e-002,
       5.3059049988367929e+002, -5.5608043735917483e-002,
       -1.0791854577632807e+000, 2.8971992117485456e+002,
       8.2996981428122977e-005, -2.0333731554398151e-005, 1. ]
