%YAML:1.0
projector_correction: !!opencv-matrix
   rows: 3
   cols: 3
   dt: d
   data: [ 4.1952505146726997e+000, 1.3876206792618540e-001,
       -6.0708033755633858e+002, 8.6352743717212112e-003,
       4.3192414053938597e+000, -3.8867041780930873e+002,
       2.1453461322134727e-006, 1.3721071503998409e-004, 1. ]
